59,52
59,51
59,50
59,49
59,48
59,47
59,46
59,45
59,44
59,43
59,42
59,41
59,40
59,39
59,38
59,37
59,36
59,35
10,140
10,172
10,286
10,68
10,158
10,156
10,88
10,284
10,2
10,3
9,7
9,6
9,1
9,4
9,2
9,3
8,18
8,6
49,4
49,3
49,2
49,1
49,0
48,3
48,2
48,1
48,0
47,3
47,2
47,1
47,0
46,5
46,4
46,3
46,2
46,1
46,0
45,4
45,3
45,2
45,1
45,0
43,5
43,4
43,3
43,2
43,1
43,0
40,5
40,4
40,3
40,2
40,1
40,0
38,5
38,4
38,3
38,2
38,1
38,0
29,1
26,3
26,1
20,3
20,2
20,1
19,3
19,2
19,1
12,3
12,2
12,1
11,29
11,28
11,27
11,26
11,25
11,24
11,23
11,22
11,21
11,20
11,19
11,18
11,17
11,16
11,15
18,1
11,14
18,3
11,13
11,12
11,11
11,9
